5.607182817562499046e+08
5.607182817562499046e+08
5.607182817562499046e+08
3.578278670097663403e+08
3.578278670097663403e+08
3.578278670097663403e+08
3.189254483564999700e+08
3.189254483564999700e+08
3.189254483564999700e+08
3.189254483564999700e+08
3.189254483564999700e+08
3.189254483564999700e+08
3.189254483564999700e+08
3.189254483564999700e+08
3.189254483564999700e+08
3.189254483564999700e+08
3.189254483564999700e+08
3.189254483564999700e+08
3.189254483564999700e+08
3.189254483564999700e+08
3.189254483564999700e+08
3.189254483564999700e+08
3.189254483564999700e+08
3.189254483564999700e+08
3.189254483564999700e+08
3.189254483564999700e+08
3.189254483564999700e+08
3.189254483564999700e+08
3.189254483564999700e+08
3.189254483564999700e+08
