1.577241132555749655e+09
1.577241132555749655e+09
1.577241132555749655e+09
1.577241132555749655e+09
1.577241132555749655e+09
1.577241132555749655e+09
1.577241132555749655e+09
1.577241132555749655e+09
1.268374860555749893e+09
1.268374860555749893e+09
1.268374860555749893e+09
1.268374860555749893e+09
1.268374860555749893e+09
1.268374860555749893e+09
1.268374860555749893e+09
1.268374860555749893e+09
1.268374860555749893e+09
1.268374860555749893e+09
1.268374860555749893e+09
1.268374860555749893e+09
1.268374860555749893e+09
1.268374860555749893e+09
1.268374860555749893e+09
1.268374860555749893e+09
1.268374860555749893e+09
1.268374860555749893e+09
1.268374860555749893e+09
1.268374860555749893e+09
1.268374860555749893e+09
1.268374860555749893e+09
