5.607182817562499046e+08
5.607182817562499046e+08
5.033602017562499642e+08
5.033602017562499642e+08
5.033602017562499642e+08
5.033602017562499642e+08
4.764221217562499046e+08
4.764221217562499046e+08
4.764221217562499046e+08
4.764221217562499046e+08
4.764221217562499046e+08
4.764221217562499046e+08
4.764221217562499046e+08
4.764221217562499046e+08
4.764221217562499046e+08
4.764221217562499046e+08
4.764221217562499046e+08
4.764221217562499046e+08
4.764221217562499046e+08
4.764221217562499046e+08
4.764221217562499046e+08
4.764221217562499046e+08
4.764221217562499046e+08
4.764221217562499046e+08
4.764221217562499046e+08
4.764221217562499046e+08
4.764221217562499046e+08
4.764221217562499046e+08
4.764221217562499046e+08
4.764221217562499046e+08
