1.609117316226101637e+09
1.036753049355749846e+09
1.036753049355749846e+09
1.036753049355749846e+09
7.830203006507222652e+08
6.294581217562500238e+08
6.294581217562500238e+08
3.189254483564999700e+08
3.189254483564999700e+08
3.189254483564999700e+08
3.189254483564999700e+08
3.189254483564999700e+08
3.189254483564999700e+08
3.189254483564999700e+08
3.189254483564999700e+08
3.189254483564999700e+08
3.189254483564999700e+08
3.189254483564999700e+08
3.189254483564999700e+08
3.189254483564999700e+08
3.189254483564999700e+08
3.189254483564999700e+08
3.189254483564999700e+08
3.189254483564999700e+08
3.189254483564999700e+08
3.189254483564999700e+08
3.189254483564999700e+08
3.189254483564999700e+08
3.189254483564999700e+08
3.189254483564999700e+08
