4.375356810709499359e+09
4.375356810709499359e+09
4.375356810709499359e+09
4.375356810709499359e+09
4.375356810709499359e+09
4.375356810709499359e+09
4.375356810709499359e+09
4.375356810709499359e+09
4.375356810709499359e+09
4.375356810709499359e+09
4.375356810709499359e+09
4.375356810709499359e+09
4.375356810709499359e+09
4.375356810709499359e+09
4.375356810709499359e+09
4.375356810709499359e+09
4.375356810709499359e+09
4.375356810709499359e+09
4.375356810709499359e+09
4.375356810709499359e+09
4.375356810709499359e+09
4.375356810709499359e+09
4.375356810709499359e+09
4.375356810709499359e+09
4.375356810709499359e+09
4.375356810709499359e+09
4.375356810709499359e+09
4.375356810709499359e+09
4.375356810709499359e+09
4.375356810709499359e+09
