1.363731046155750036e+09
1.113960319755749702e+09
1.113960319755749702e+09
5.607182817562499046e+08
5.607182817562499046e+08
5.607182817562499046e+08
5.607182817562499046e+08
5.607182817562499046e+08
5.607182817562499046e+08
5.607182817562499046e+08
5.607182817562499046e+08
5.607182817562499046e+08
5.607182817562499046e+08
5.607182817562499046e+08
5.607182817562499046e+08
5.607182817562499046e+08
5.607182817562499046e+08
5.607182817562499046e+08
5.607182817562499046e+08
5.607182817562499046e+08
5.607182817562499046e+08
5.607182817562499046e+08
5.607182817562499046e+08
5.607182817562499046e+08
5.607182817562499046e+08
5.607182817562499046e+08
5.607182817562499046e+08
5.607182817562499046e+08
5.607182817562499046e+08
5.607182817562499046e+08
